# Graph with 200 nodes and 5956 edges
# Generated with fast_gnp_random_graph(200, 0.3)
# Generated on 2024-03-13 04:27:25.476694
colors = 21
0,5
0,8
0,11
0,18
0,22
0,23
0,25
0,26
0,32
0,35
0,38
0,41
0,42
0,44
0,47
0,51
0,52
0,53
0,55
0,61
0,64
0,67
0,70
0,76
0,80
0,81
0,84
0,88
0,100
0,101
0,102
0,103
0,114
0,121
0,122
0,128
0,135
0,141
0,142
0,144
0,147
0,156
0,158
0,167
0,168
0,169
0,170
0,172
0,180
0,181
0,185
0,189
0,190
0,191
0,192
0,193
0,194
0,195
0,197
0,198
1,2
1,4
1,8
1,11
1,21
1,23
1,25
1,27
1,28
1,32
1,36
1,38
1,40
1,42
1,43
1,44
1,46
1,49
1,57
1,58
1,62
1,64
1,65
1,69
1,72
1,73
1,76
1,81
1,83
1,87
1,90
1,91
1,106
1,113
1,116
1,121
1,127
1,128
1,130
1,135
1,136
1,153
1,156
1,161
1,165
1,170
1,172
1,174
1,182
1,184
1,186
1,187
1,192
1,194
1,195
1,197
2,3
2,5
2,13
2,18
2,19
2,21
2,22
2,24
2,25
2,27
2,30
2,33
2,39
2,41
2,43
2,47
2,50
2,56
2,58
2,61
2,62
2,63
2,66
2,70
2,71
2,77
2,79
2,84
2,86
2,89
2,91
2,93
2,103
2,104
2,109
2,114
2,116
2,119
2,124
2,129
2,130
2,133
2,140
2,141
2,143
2,151
2,152
2,159
2,170
2,171
2,174
2,175
2,181
2,183
2,185
3,5
3,9
3,12
3,17
3,18
3,19
3,24
3,25
3,29
3,32
3,46
3,50
3,52
3,53
3,55
3,63
3,68
3,69
3,71
3,72
3,73
3,76
3,77
3,78
3,79
3,80
3,81
3,85
3,90
3,99
3,104
3,105
3,106
3,109
3,113
3,116
3,118
3,122
3,128
3,130
3,131
3,132
3,133
3,134
3,138
3,145
3,146
3,151
3,155
3,156
3,157
3,164
3,167
3,171
3,172
3,176
3,177
3,178
3,181
3,183
3,189
3,190
4,9
4,11
4,15
4,16
4,22
4,23
4,26
4,30
4,35
4,37
4,38
4,39
4,41
4,44
4,45
4,53
4,60
4,67
4,71
4,73
4,74
4,77
4,78
4,80
4,83
4,85
4,89
4,90
4,92
4,94
4,102
4,104
4,105
4,110
4,111
4,114
4,117
4,118
4,121
4,126
4,130
4,131
4,137
4,138
4,139
4,144
4,146
4,151
4,153
4,157
4,165
4,170
4,171
4,177
4,178
4,181
4,185
4,189
4,192
5,6
5,10
5,11
5,15
5,24
5,32
5,33
5,40
5,50
5,51
5,52
5,57
5,61
5,65
5,68
5,69
5,71
5,73
5,81
5,83
5,85
5,88
5,89
5,96
5,104
5,107
5,109
5,115
5,120
5,126
5,128
5,134
5,136
5,138
5,141
5,145
5,148
5,149
5,151
5,152
5,157
5,160
5,161
5,162
5,163
5,164
5,166
5,170
5,173
5,174
5,176
5,179
5,182
5,183
5,187
5,189
5,190
5,193
5,194
5,195
5,196
5,198
6,10
6,11
6,16
6,22
6,23
6,25
6,31
6,44
6,46
6,49
6,50
6,52
6,53
6,59
6,66
6,71
6,72
6,73
6,74
6,76
6,85
6,91
6,95
6,96
6,97
6,101
6,103
6,108
6,112
6,113
6,118
6,119
6,120
6,121
6,122
6,126
6,129
6,133
6,134
6,136
6,137
6,138
6,140
6,142
6,144
6,152
6,155
6,156
6,158
6,159
6,165
6,169
6,173
6,174
6,177
6,178
6,181
6,182
6,188
6,195
6,199
7,8
7,9
7,11
7,13
7,14
7,24
7,29
7,30
7,37
7,40
7,45
7,46
7,48
7,50
7,54
7,55
7,56
7,57
7,60
7,61
7,63
7,64
7,67
7,70
7,78
7,79
7,80
7,82
7,84
7,86
7,87
7,89
7,90
7,92
7,94
7,95
7,98
7,100
7,101
7,103
7,107
7,108
7,111
7,115
7,119
7,120
7,125
7,126
7,130
7,132
7,133
7,135
7,138
7,139
7,141
7,145
7,151
7,154
7,158
7,159
7,161
7,163
7,164
7,166
7,168
7,171
7,172
7,177
7,178
7,180
7,181
7,182
7,183
7,184
7,190
7,191
7,192
7,194
7,199
8,9
8,13
8,14
8,15
8,16
8,17
8,18
8,20
8,21
8,24
8,27
8,29
8,33
8,34
8,44
8,45
8,46
8,47
8,48
8,59
8,60
8,62
8,70
8,72
8,73
8,74
8,78
8,81
8,82
8,85
8,87
8,94
8,102
8,105
8,110
8,111
8,113
8,114
8,119
8,124
8,128
8,129
8,136
8,139
8,142
8,147
8,148
8,150
8,153
8,162
8,165
8,166
8,171
8,175
8,177
8,182
8,183
8,184
8,188
8,192
8,198
8,199
9,13
9,16
9,19
9,20
9,33
9,35
9,40
9,42
9,44
9,45
9,51
9,54
9,60
9,61
9,64
9,65
9,67
9,76
9,78
9,84
9,88
9,90
9,92
9,101
9,107
9,108
9,110
9,112
9,121
9,123
9,127
9,130
9,131
9,134
9,138
9,142
9,143
9,144
9,146
9,148
9,151
9,152
9,155
9,156
9,160
9,163
9,164
9,167
9,168
9,170
9,173
9,175
9,178
9,187
9,188
9,192
9,193
9,194
9,197
10,12
10,13
10,14
10,15
10,24
10,26
10,28
10,31
10,35
10,37
10,40
10,41
10,45
10,46
10,47
10,48
10,52
10,56
10,58
10,60
10,61
10,62
10,67
10,69
10,71
10,79
10,92
10,96
10,99
10,103
10,104
10,106
10,108
10,112
10,120
10,125
10,127
10,138
10,139
10,144
10,148
10,152
10,154
10,157
10,159
10,164
10,165
10,169
10,175
10,179
10,180
10,181
10,186
10,189
10,190
10,191
10,192
10,194
10,195
10,199
11,12
11,13
11,15
11,19
11,24
11,29
11,30
11,32
11,34
11,35
11,36
11,39
11,42
11,45
11,51
11,53
11,55
11,64
11,65
11,67
11,70
11,71
11,74
11,78
11,81
11,83
11,89
11,90
11,94
11,98
11,100
11,105
11,107
11,113
11,114
11,116
11,124
11,140
11,142
11,146
11,148
11,149
11,154
11,156
11,161
11,162
11,163
11,166
11,171
11,172
11,174
11,184
11,186
11,190
11,192
12,14
12,18
12,20
12,21
12,30
12,35
12,39
12,40
12,42
12,43
12,45
12,46
12,49
12,52
12,54
12,57
12,60
12,62
12,72
12,74
12,79
12,84
12,96
12,99
12,100
12,101
12,107
12,108
12,126
12,129
12,134
12,139
12,140
12,144
12,148
12,155
12,159
12,160
12,165
12,166
12,168
12,169
12,172
12,175
12,176
12,177
12,179
12,191
12,194
12,196
12,198
13,14
13,16
13,17
13,19
13,21
13,24
13,29
13,33
13,35
13,37
13,38
13,41
13,42
13,43
13,45
13,46
13,50
13,56
13,58
13,62
13,68
13,70
13,72
13,74
13,77
13,79
13,83
13,84
13,86
13,89
13,90
13,91
13,100
13,102
13,104
13,109
13,110
13,112
13,121
13,124
13,125
13,128
13,131
13,133
13,137
13,142
13,143
13,147
13,149
13,153
13,154
13,155
13,159
13,162
13,166
13,168
13,169
13,171
13,183
13,191
13,193
13,199
14,19
14,20
14,21
14,22
14,26
14,31
14,34
14,35
14,39
14,40
14,42
14,45
14,56
14,57
14,63
14,68
14,71
14,73
14,77
14,80
14,82
14,83
14,84
14,85
14,87
14,90
14,92
14,93
14,94
14,99
14,100
14,106
14,107
14,109
14,110
14,120
14,122
14,123
14,125
14,128
14,129
14,137
14,140
14,142
14,147
14,148
14,149
14,150
14,161
14,162
14,165
14,166
14,170
14,174
14,175
14,179
14,186
14,189
14,190
14,192
14,193
14,196
14,197
14,198
14,199
15,16
15,22
15,26
15,37
15,47
15,49
15,51
15,54
15,55
15,56
15,61
15,65
15,69
15,71
15,74
15,75
15,81
15,84
15,89
15,91
15,92
15,99
15,100
15,104
15,107
15,108
15,113
15,120
15,122
15,123
15,126
15,128
15,132
15,142
15,143
15,146
15,147
15,153
15,157
15,169
15,172
15,174
15,179
15,183
15,184
15,198
16,17
16,20
16,25
16,27
16,28
16,29
16,31
16,32
16,34
16,41
16,45
16,59
16,60
16,62
16,63
16,65
16,67
16,69
16,70
16,74
16,76
16,78
16,81
16,85
16,88
16,94
16,95
16,97
16,98
16,99
16,100
16,103
16,104
16,106
16,108
16,110
16,115
16,124
16,126
16,133
16,149
16,155
16,158
16,166
16,169
16,171
16,172
16,174
16,188
16,192
16,193
16,196
16,198
17,19
17,20
17,22
17,24
17,25
17,30
17,32
17,36
17,38
17,42
17,45
17,47
17,49
17,51
17,52
17,53
17,55
17,59
17,60
17,64
17,68
17,69
17,72
17,74
17,76
17,86
17,88
17,89
17,90
17,92
17,93
17,96
17,99
17,107
17,109
17,112
17,113
17,115
17,118
17,120
17,121
17,122
17,125
17,133
17,136
17,137
17,138
17,143
17,148
17,150
17,152
17,156
17,161
17,162
17,163
17,164
17,171
17,173
17,174
17,179
17,180
17,182
17,184
17,188
17,189
17,192
17,194
17,195
17,197
17,199
18,20
18,23
18,24
18,26
18,32
18,33
18,35
18,36
18,37
18,38
18,44
18,45
18,49
18,53
18,56
18,58
18,61
18,67
18,72
18,76
18,78
18,80
18,81
18,83
18,84
18,92
18,98
18,102
18,104
18,105
18,106
18,114
18,115
18,119
18,120
18,121
18,122
18,124
18,128
18,130
18,132
18,134
18,137
18,142
18,144
18,148
18,151
18,156
18,161
18,168
18,171
18,174
18,175
18,176
18,180
18,181
18,184
18,187
18,192
18,193
18,195
18,196
19,21
19,22
19,25
19,28
19,31
19,33
19,37
19,39
19,43
19,50
19,52
19,57
19,60
19,61
19,62
19,64
19,69
19,74
19,76
19,79
19,84
19,93
19,96
19,102
19,115
19,123
19,124
19,128
19,130
19,133
19,135
19,136
19,147
19,155
19,156
19,157
19,158
19,160
19,164
19,166
19,168
19,169
19,178
19,179
19,182
19,186
19,189
19,192
19,194
19,196
19,198
20,21
20,22
20,23
20,24
20,27
20,30
20,31
20,32
20,34
20,37
20,40
20,41
20,42
20,43
20,44
20,45
20,51
20,53
20,64
20,65
20,66
20,69
20,72
20,74
20,76
20,77
20,78
20,82
20,83
20,85
20,88
20,90
20,91
20,97
20,110
20,112
20,114
20,115
20,117
20,120
20,121
20,124
20,128
20,130
20,133
20,135
20,138
20,139
20,145
20,148
20,152
20,160
20,163
20,165
20,168
20,173
20,174
20,175
20,176
20,177
20,180
20,183
20,184
20,185
20,190
20,192
20,193
20,195
21,26
21,27
21,30
21,31
21,33
21,34
21,35
21,36
21,37
21,39
21,43
21,44
21,45
21,47
21,48
21,49
21,53
21,57
21,59
21,69
21,74
21,76
21,77
21,88
21,90
21,93
21,97
21,101
21,105
21,107
21,112
21,113
21,115
21,116
21,117
21,123
21,124
21,129
21,135
21,137
21,143
21,146
21,149
21,150
21,160
21,161
21,162
21,163
21,166
21,167
21,170
21,173
21,175
21,182
21,184
21,186
21,191
21,192
21,197
21,198
22,24
22,25
22,34
22,35
22,37
22,40
22,51
22,52
22,53
22,56
22,58
22,60
22,63
22,69
22,72
22,78
22,81
22,83
22,86
22,90
22,94
22,95
22,98
22,100
22,104
22,111
22,116
22,121
22,127
22,129
22,130
22,131
22,136
22,137
22,140
22,141
22,142
22,143
22,146
22,151
22,152
22,154
22,157
22,158
22,161
22,163
22,165
22,171
22,175
22,176
22,177
22,185
22,194
22,196
22,197
23,25
23,32
23,33
23,34
23,38
23,44
23,53
23,54
23,60
23,66
23,68
23,69
23,74
23,84
23,86
23,103
23,107
23,111
23,118
23,122
23,124
23,125
23,129
23,131
23,140
23,141
23,142
23,150
23,151
23,152
23,154
23,155
23,157
23,158
23,161
23,167
23,168
23,170
23,171
23,175
23,179
23,180
23,181
23,193
23,194
24,31
24,33
24,37
24,38
24,42
24,54
24,55
24,59
24,62
24,63
24,66
24,68
24,77
24,81
24,98
24,113
24,114
24,115
24,116
24,120
24,121
24,122
24,123
24,127
24,128
24,133
24,139
24,140
24,141
24,143
24,147
24,150
24,154
24,155
24,156
24,160
24,165
24,171
24,181
24,186
24,188
24,191
24,198
25,31
25,40
25,42
25,44
25,53
25,60
25,62
25,65
25,66
25,70
25,73
25,74
25,75
25,76
25,82
25,83
25,85
25,91
25,94
25,101
25,107
25,108
25,109
25,110
25,112
25,114
25,115
25,116
25,121
25,123
25,125
25,126
25,127
25,129
25,130
25,136
25,139
25,143
25,144
25,145
25,148
25,149
25,153
25,162
25,166
25,169
25,171
25,172
25,174
25,180
25,182
25,183
25,188
25,191
25,192
25,199
26,27
26,32
26,36
26,38
26,39
26,43
26,46
26,50
26,52
26,53
26,56
26,62
26,64
26,66
26,69
26,71
26,76
26,77
26,78
26,83
26,85
26,87
26,91
26,100
26,101
26,104
26,106
26,107
26,111
26,118
26,120
26,128
26,133
26,138
26,139
26,141
26,142
26,144
26,145
26,149
26,154
26,155
26,157
26,159
26,162
26,163
26,167
26,168
26,169
26,170
26,173
26,175
26,182
26,191
26,197
27,29
27,30
27,44
27,48
27,49
27,54
27,57
27,59
27,63
27,66
27,69
27,71
27,72
27,73
27,78
27,79
27,80
27,85
27,91
27,94
27,95
27,96
27,101
27,102
27,113
27,120
27,121
27,125
27,129
27,130
27,140
27,145
27,151
27,156
27,157
27,158
27,160
27,162
27,168
27,170
27,178
27,179
27,183
27,191
27,198
27,199
28,29
28,34
28,35
28,36
28,40
28,43
28,45
28,47
28,49
28,60
28,62
28,63
28,67
28,69
28,71
28,73
28,76
28,78
28,80
28,82
28,87
28,93
28,100
28,101
28,105
28,111
28,114
28,127
28,130
28,133
28,134
28,142
28,143
28,146
28,147
28,148
28,153
28,154
28,157
28,162
28,166
28,167
28,172
28,186
28,191
28,197
28,198
29,32
29,33
29,34
29,36
29,37
29,38
29,42
29,44
29,46
29,53
29,54
29,60
29,61
29,62
29,63
29,73
29,74
29,75
29,82
29,85
29,89
29,93
29,95
29,103
29,104
29,105
29,106
29,107
29,109
29,113
29,114
29,116
29,119
29,124
29,129
29,132
29,135
29,136
29,145
29,148
29,152
29,159
29,161
29,163
29,165
29,167
29,172
29,174
29,178
29,179
29,180
29,192
29,193
30,32
30,38
30,41
30,46
30,48
30,49
30,53
30,54
30,60
30,65
30,66
30,70
30,72
30,75
30,77
30,83
30,84
30,87
30,90
30,96
30,103
30,105
30,107
30,110
30,114
30,117
30,118
30,124
30,134
30,136
30,145
30,146
30,147
30,150
30,153
30,154
30,155
30,156
30,163
30,165
30,169
30,174
30,175
30,176
30,181
30,189
30,190
30,192
30,193
30,199
31,33
31,36
31,38
31,41
31,43
31,44
31,47
31,51
31,59
31,62
31,75
31,82
31,83
31,87
31,94
31,98
31,100
31,101
31,108
31,121
31,129
31,132
31,134
31,135
31,139
31,147
31,149
31,150
31,151
31,157
31,167
31,168
31,169
31,170
31,172
31,185
31,189
31,191
31,193
31,194
31,195
31,197
31,199
32,37
32,38
32,40
32,41
32,50
32,54
32,57
32,63
32,66
32,73
32,74
32,76
32,78
32,79
32,83
32,86
32,89
32,96
32,97
32,98
32,99
32,105
32,107
32,109
32,111
32,118
32,120
32,122
32,124
32,126
32,127
32,131
32,135
32,142
32,145
32,146
32,149
32,151
32,156
32,158
32,159
32,161
32,164
32,167
32,170
32,176
32,177
32,178
32,179
32,187
32,190
32,192
33,38
33,40
33,44
33,47
33,49
33,50
33,51
33,59
33,60
33,61
33,62
33,64
33,65
33,66
33,68
33,69
33,72
33,74
33,76
33,81
33,82
33,83
33,86
33,88
33,93
33,99
33,105
33,108
33,115
33,117
33,127
33,129
33,130
33,131
33,136
33,141
33,142
33,143
33,145
33,148
33,149
33,156
33,158
33,162
33,163
33,167
33,168
33,174
33,176
33,177
33,182
33,183
33,186
33,191
33,195
33,197
34,35
34,38
34,43
34,45
34,46
34,49
34,52
34,54
34,62
34,65
34,67
34,68
34,79
34,86
34,90
34,91
34,92
34,93
34,95
34,102
34,104
34,105
34,107
34,114
34,117
34,118
34,119
34,121
34,122
34,127
34,134
34,135
34,140
34,144
34,146
34,155
34,156
34,157
34,159
34,162
34,163
34,174
34,182
34,183
34,185
34,188
35,36
35,37
35,39
35,40
35,47
35,55
35,56
35,58
35,62
35,70
35,73
35,80
35,83
35,90
35,94
35,95
35,96
35,98
35,99
35,100
35,103
35,104
35,108
35,111
35,114
35,115
35,116
35,117
35,119
35,120
35,122
35,123
35,130
35,131
35,133
35,134
35,140
35,145
35,147
35,150
35,153
35,157
35,161
35,162
35,163
35,173
35,174
35,176
35,179
35,183
35,185
35,192
35,194
35,196
36,37
36,38
36,43
36,48
36,51
36,55
36,58
36,59
36,63
36,64
36,65
36,66
36,72
36,73
36,76
36,77
36,78
36,81
36,85
36,88
36,90
36,91
36,93
36,97
36,102
36,107
36,109
36,117
36,121
36,123
36,126
36,130
36,133
36,134
36,137
36,140
36,141
36,147
36,155
36,156
36,157
36,160
36,163
36,171
36,172
36,173
36,174
36,175
36,176
36,178
36,187
36,188
36,190
36,196
37,39
37,41
37,43
37,45
37,47
37,51
37,68
37,82
37,88
37,96
37,105
37,109
37,113
37,114
37,116
37,121
37,127
37,129
37,132
37,135
37,137
37,138
37,141
37,146
37,150
37,156
37,160
37,162
37,172
37,173
37,175
37,181
37,183
37,185
37,192
37,193
37,199
38,40
38,41
38,42
38,44
38,50
38,55
38,57
38,65
38,70
38,73
38,74
38,76
38,78
38,80
38,88
38,90
38,93
38,94
38,95
38,98
38,102
38,114
38,115
38,121
38,122
38,125
38,131
38,133
38,136
38,138
38,139
38,141
38,144
38,147
38,148
38,149
38,152
38,157
38,161
38,164
38,165
38,167
38,170
38,171
38,173
38,174
38,177
38,180
38,183
38,185
38,186
38,187
38,190
38,192
38,194
38,197
39,46
39,51
39,64
39,66
39,70
39,71
39,74
39,86
39,87
39,88
39,89
39,90
39,100
39,104
39,105
39,109
39,110
39,111
39,113
39,118
39,119
39,120
39,122
39,123
39,126
39,137
39,138
39,148
39,152
39,156
39,160
39,161
39,164
39,168
39,173
39,176
39,178
39,180
39,185
39,186
39,188
39,190
39,192
39,193
39,198
40,43
40,44
40,46
40,49
40,50
40,51
40,53
40,54
40,56
40,68
40,70
40,73
40,80
40,83
40,84
40,85
40,86
40,87
40,89
40,93
40,95
40,98
40,102
40,108
40,114
40,115
40,125
40,127
40,128
40,129
40,130
40,132
40,133
40,134
40,139
40,142
40,163
40,165
40,167
40,168
40,176
40,184
40,189
40,190
40,194
40,195
40,196
41,42
41,43
41,48
41,54
41,56
41,57
41,60
41,65
41,67
41,68
41,70
41,72
41,75
41,77
41,81
41,85
41,89
41,90
41,97
41,101
41,103
41,104
41,105
41,110
41,111
41,122
41,125
41,133
41,136
41,139
41,149
41,150
41,160
41,161
41,165
41,171
41,177
41,180
41,182
41,184
41,185
41,187
41,190
41,192
41,194
41,199
42,44
42,46
42,50
42,51
42,55
42,56
42,60
42,62
42,63
42,67
42,70
42,71
42,79
42,80
42,82
42,93
42,95
42,97
42,101
42,105
42,116
42,119
42,127
42,137
42,142
42,143
42,148
42,150
42,156
42,161
42,162
42,169
42,171
42,175
42,176
42,178
42,182
42,184
42,188
42,191
42,197
42,199
43,44
43,45
43,48
43,62
43,66
43,67
43,68
43,71
43,84
43,90
43,99
43,100
43,103
43,104
43,105
43,106
43,107
43,108
43,110
43,114
43,115
43,118
43,120
43,121
43,125
43,126
43,128
43,130
43,140
43,145
43,146
43,154
43,155
43,161
43,163
43,166
43,168
43,169
43,170
43,171
43,175
43,179
43,186
43,190
43,197
44,50
44,61
44,62
44,63
44,69
44,72
44,85
44,89
44,95
44,96
44,97
44,99
44,101
44,103
44,107
44,111
44,116
44,117
44,120
44,122
44,123
44,126
44,133
44,134
44,138
44,147
44,148
44,149
44,152
44,154
44,159
44,160
44,162
44,163
44,166
44,168
44,171
44,172
44,177
44,178
44,180
44,186
44,188
44,190
44,193
45,46
45,49
45,53
45,57
45,61
45,70
45,73
45,80
45,81
45,87
45,92
45,99
45,103
45,109
45,111
45,112
45,114
45,116
45,117
45,125
45,126
45,127
45,128
45,129
45,130
45,133
45,137
45,139
45,141
45,143
45,149
45,155
45,156
45,157
45,160
45,165
45,171
45,175
45,177
45,179
45,181
45,187
45,189
45,190
45,191
45,196
45,198
46,47
46,48
46,52
46,55
46,60
46,61
46,65
46,68
46,70
46,71
46,73
46,76
46,78
46,80
46,82
46,84
46,91
46,95
46,101
46,103
46,108
46,111
46,114
46,117
46,118
46,119
46,126
46,131
46,133
46,135
46,138
46,139
46,142
46,146
46,147
46,154
46,159
46,160
46,164
46,166
46,171
46,173
46,174
46,176
46,179
46,182
46,191
46,196
46,197
47,49
47,53
47,58
47,64
47,66
47,67
47,71
47,76
47,85
47,91
47,92
47,93
47,94
47,98
47,108
47,110
47,112
47,122
47,124
47,125
47,127
47,131
47,135
47,137
47,141
47,148
47,150
47,152
47,154
47,156
47,161
47,162
47,166
47,173
47,177
47,178
47,182
47,187
47,198
48,50
48,51
48,53
48,55
48,56
48,58
48,61
48,63
48,69
48,70
48,81
48,82
48,84
48,89
48,94
48,96
48,97
48,101
48,109
48,111
48,112
48,120
48,121
48,125
48,127
48,128
48,129
48,130
48,135
48,136
48,139
48,143
48,144
48,145
48,151
48,152
48,153
48,156
48,157
48,159
48,160
48,162
48,165
48,172
48,174
48,180
48,184
48,185
48,192
48,193
48,195
48,199
49,51
49,59
49,60
49,65
49,69
49,74
49,83
49,87
49,90
49,94
49,96
49,97
49,99
49,102
49,103
49,104
49,105
49,117
49,119
49,122
49,123
49,124
49,129
49,130
49,132
49,138
49,139
49,141
49,143
49,144
49,147
49,157
49,158
49,160
49,164
49,171
49,172
49,175
49,177
49,178
49,180
49,181
49,185
49,186
49,188
49,190
49,196
50,54
50,58
50,60
50,67
50,68
50,72
50,77
50,78
50,91
50,92
50,94
50,100
50,122
50,124
50,127
50,137
50,138
50,139
50,140
50,142
50,145
50,156
50,157
50,163
50,166
50,167
50,177
50,178
50,182
50,188
50,189
50,196
50,197
50,198
51,52
51,58
51,61
51,67
51,69
51,76
51,80
51,81
51,83
51,90
51,91
51,96
51,97
51,98
51,110
51,116
51,128
51,130
51,132
51,137
51,138
51,139
51,148
51,149
51,155
51,156
51,159
51,160
51,162
51,164
51,168
51,170
51,174
51,177
51,178
51,179
51,180
51,187
51,192
51,193
51,196
52,54
52,58
52,59
52,68
52,73
52,75
52,80
52,88
52,96
52,100
52,104
52,107
52,111
52,115
52,118
52,124
52,128
52,129
52,131
52,132
52,134
52,135
52,144
52,150
52,154
52,160
52,163
52,164
52,172
52,173
52,174
52,176
52,188
52,190
53,55
53,59
53,62
53,65
53,66
53,70
53,74
53,76
53,79
53,81
53,82
53,84
53,85
53,87
53,93
53,94
53,106
53,108
53,110
53,114
53,116
53,117
53,124
53,126
53,128
53,131
53,135
53,137
53,142
53,147
53,156
53,159
53,163
53,167
53,174
53,175
53,184
53,189
53,191
54,57
54,58
54,60
54,67
54,68
54,70
54,73
54,77
54,79
54,81
54,85
54,89
54,95
54,99
54,104
54,110
54,111
54,114
54,115
54,117
54,124
54,125
54,131
54,132
54,137
54,138
54,139
54,145
54,146
54,148
54,149
54,158
54,160
54,161
54,165
54,170
54,177
54,179
54,180
54,186
54,191
54,196
54,197
54,198
54,199
55,58
55,64
55,66
55,67
55,71
55,81
55,86
55,89
55,93
55,94
55,96
55,99
55,101
55,102
55,107
55,109
55,110
55,120
55,121
55,124
55,128
55,130
55,136
55,138
55,139
55,140
55,141
55,143
55,144
55,145
55,148
55,149
55,155
55,156
55,157
55,161
55,163
55,167
55,168
55,169
55,170
55,173
55,177
55,178
55,183
55,188
55,191
55,194
56,63
56,66
56,67
56,69
56,72
56,74
56,76
56,78
56,79
56,80
56,82
56,86
56,94
56,96
56,97
56,100
56,102
56,103
56,104
56,107
56,108
56,110
56,111
56,116
56,125
56,128
56,130
56,132
56,137
56,138
56,139
56,149
56,150
56,161
56,163
56,173
56,175
56,177
56,181
56,189
56,191
56,192
56,193
56,197
57,62
57,64
57,68
57,72
57,73
57,80
57,85
57,87
57,89
57,96
57,97
57,102
57,103
57,106
57,112
57,113
57,121
57,126
57,128
57,130
57,131
57,132
57,138
57,143
57,144
57,147
57,151
57,152
57,153
57,154
57,155
57,161
57,167
57,170
57,171
57,175
57,177
57,179
57,180
57,182
57,185
57,188
57,189
57,193
57,194
57,197
57,199
58,64
58,65
58,69
58,71
58,73
58,74
58,75
58,84
58,101
58,111
58,114
58,118
58,120
58,122
58,129
58,134
58,141
58,147
58,148
58,149
58,153
58,154
58,156
58,157
58,159
58,174
58,176
58,177
58,178
58,179
58,181
58,183
58,185
58,190
58,191
58,197
58,198
59,66
59,69
59,71
59,72
59,73
59,84
59,87
59,89
59,97
59,103
59,104
59,108
59,112
59,113
59,114
59,116
59,118
59,125
59,126
59,129
59,131
59,133
59,135
59,136
59,140
59,144
59,150
59,151
59,153
59,155
59,156
59,161
59,164
59,165
59,174
59,178
59,179
59,180
59,181
59,182
59,188
59,190
59,193
59,196
59,199
60,64
60,65
60,66
60,73
60,76
60,77
60,78
60,83
60,89
60,92
60,93
60,94
60,95
60,102
60,103
60,104
60,108
60,110
60,111
60,112
60,117
60,118
60,120
60,121
60,130
60,131
60,132
60,134
60,135
60,140
60,145
60,147
60,149
60,150
60,159
60,162
60,163
60,166
60,167
60,169
60,173
60,174
60,179
60,191
60,194
60,197
61,63
61,64
61,70
61,74
61,76
61,82
61,89
61,91
61,95
61,101
61,105
61,106
61,107
61,109
61,110
61,115
61,118
61,119
61,121
61,124
61,127
61,132
61,138
61,140
61,146
61,147
61,150
61,154
61,157
61,158
61,161
61,163
61,165
61,167
61,169
61,170
61,171
61,173
61,175
61,184
61,188
61,190
61,199
62,65
62,70
62,73
62,80
62,81
62,83
62,89
62,99
62,105
62,113
62,119
62,127
62,128
62,135
62,137
62,144
62,145
62,146
62,147
62,149
62,153
62,162
62,164
62,166
62,172
62,174
62,175
62,179
62,184
62,187
62,197
63,66
63,67
63,68
63,71
63,77
63,83
63,85
63,87
63,88
63,89
63,91
63,97
63,99
63,100
63,103
63,106
63,107
63,109
63,110
63,123
63,124
63,125
63,143
63,144
63,146
63,152
63,153
63,154
63,160
63,161
63,163
63,164
63,181
63,182
63,183
63,185
63,186
63,193
63,194
63,196
63,197
63,198
63,199
64,69
64,71
64,72
64,74
64,76
64,82
64,83
64,84
64,90
64,92
64,94
64,97
64,99
64,100
64,103
64,105
64,112
64,120
64,121
64,126
64,127
64,128
64,131
64,133
64,140
64,141
64,142
64,143
64,144
64,148
64,150
64,153
64,162
64,169
64,176
64,178
64,184
64,185
64,187
64,188
64,193
65,70
65,72
65,76
65,77
65,79
65,81
65,85
65,86
65,91
65,97
65,102
65,111
65,119
65,120
65,122
65,130
65,132
65,138
65,144
65,148
65,149
65,151
65,157
65,158
65,159
65,160
65,163
65,164
65,165
65,168
65,175
65,176
65,178
65,191
65,198
65,199
66,70
66,74
66,76
66,77
66,78
66,84
66,85
66,86
66,88
66,93
66,94
66,98
66,99
66,108
66,111
66,119
66,123
66,127
66,134
66,136
66,140
66,143
66,146
66,149
66,155
66,160
66,162
66,166
66,172
66,174
66,176
66,179
66,181
66,186
66,188
66,189
66,190
66,193
66,194
66,196
66,198
67,71
67,72
67,76
67,78
67,79
67,85
67,87
67,88
67,89
67,90
67,96
67,98
67,107
67,109
67,112
67,113
67,119
67,122
67,125
67,139
67,143
67,145
67,150
67,159
67,162
67,168
67,169
67,172
67,173
67,178
67,179
67,181
67,184
67,185
67,193
67,194
67,196
67,199
68,83
68,84
68,88
68,89
68,91
68,93
68,100
68,103
68,108
68,110
68,113
68,123
68,124
68,126
68,128
68,131
68,136
68,141
68,144
68,145
68,146
68,148
68,154
68,156
68,159
68,167
68,170
68,173
68,175
68,176
68,177
68,178
68,182
68,185
68,186
68,195
68,196
68,197
68,198
69,70
69,75
69,78
69,85
69,86
69,87
69,88
69,96
69,97
69,102
69,103
69,104
69,107
69,109
69,111
69,112
69,116
69,117
69,119
69,121
69,127
69,132
69,133
69,134
69,140
69,143
69,144
69,146
69,148
69,151
69,166
69,168
69,169
69,173
69,182
69,184
69,185
69,193
69,197
69,198
70,72
70,78
70,82
70,87
70,91
70,92
70,93
70,97
70,101
70,106
70,107
70,108
70,114
70,127
70,129
70,131
70,133
70,136
70,140
70,142
70,143
70,146
70,147
70,152
70,153
70,158
70,159
70,164
70,172
70,177
70,182
70,185
70,187
70,190
70,191
70,195
70,196
71,75
71,77
71,79
71,82
71,88
71,93
71,96
71,99
71,101
71,102
71,103
71,108
71,111
71,118
71,119
71,121
71,123
71,124
71,130
71,131
71,132
71,136
71,139
71,140
71,145
71,146
71,147
71,149
71,158
71,161
71,170
71,171
71,172
71,174
71,179
71,185
71,187
71,190
72,78
72,80
72,82
72,84
72,88
72,93
72,94
72,96
72,99
72,103
72,105
72,107
72,108
72,110
72,111
72,115
72,128
72,137
72,138
72,147
72,158
72,159
72,160
72,166
72,185
72,186
72,195
73,74
73,75
73,78
73,79
73,82
73,84
73,88
73,89
73,90
73,93
73,96
73,98
73,104
73,106
73,111
73,112
73,115
73,117
73,129
73,134
73,137
73,141
73,143
73,150
73,152
73,157
73,163
73,167
73,174
73,180
73,183
73,185
73,186
73,187
73,195
73,196
74,77
74,78
74,83
74,84
74,91
74,93
74,95
74,96
74,97
74,99
74,100
74,101
74,104
74,108
74,109
74,110
74,111
74,118
74,122
74,125
74,126
74,137
74,138
74,139
74,140
74,148
74,151
74,152
74,154
74,155
74,158
74,159
74,162
74,163
74,167
74,168
74,174
74,177
74,179
74,181
74,186
74,190
74,192
74,196
75,86
75,87
75,98
75,100
75,109
75,115
75,116
75,118
75,121
75,122
75,123
75,126
75,130
75,132
75,133
75,139
75,140
75,151
75,155
75,158
75,159
75,160
75,161
75,162
75,164
75,170
75,171
75,174
75,185
75,190
75,191
75,192
76,78
76,85
76,95
76,103
76,109
76,121
76,125
76,130
76,136
76,139
76,141
76,144
76,145
76,150
76,152
76,153
76,159
76,168
76,171
76,172
76,174
76,178
76,180
76,188
77,79
77,86
77,88
77,90
77,99
77,106
77,110
77,115
77,118
77,122
77,126
77,130
77,135
77,137
77,139
77,144
77,146
77,147
77,159
77,163
77,173
77,183
77,186
77,189
77,196
78,85
78,87
78,88
78,90
78,93
78,95
78,96
78,97
78,103
78,108
78,109
78,110
78,113
78,122
78,127
78,147
78,148
78,151
78,154
78,157
78,160
78,163
78,168
78,171
78,173
78,174
78,178
78,180
78,181
78,184
78,189
78,190
78,191
78,192
78,193
79,81
79,84
79,86
79,89
79,97
79,100
79,102
79,106
79,111
79,120
79,123
79,124
79,128
79,129
79,130
79,131
79,133
79,136
79,138
79,140
79,145
79,146
79,147
79,148
79,149
79,151
79,152
79,161
79,164
79,166
79,174
79,175
79,178
79,183
79,184
79,185
79,193
79,195
79,197
80,85
80,93
80,98
80,99
80,105
80,106
80,107
80,108
80,112
80,113
80,119
80,122
80,123
80,126
80,127
80,128
80,131
80,135
80,136
80,137
80,143
80,144
80,145
80,146
80,149
80,152
80,163
80,164
80,165
80,173
80,175
80,177
80,180
80,183
80,184
80,187
80,191
81,83
81,89
81,95
81,99
81,100
81,102
81,105
81,106
81,108
81,111
81,114
81,119
81,123
81,124
81,126
81,127
81,129
81,131
81,136
81,137
81,143
81,155
81,158
81,168
81,170
81,171
81,173
81,177
81,181
81,184
81,186
81,190
81,191
81,193
82,84
82,87
82,91
82,92
82,95
82,104
82,107
82,112
82,113
82,114
82,115
82,116
82,121
82,122
82,125
82,126
82,128
82,130
82,133
82,135
82,139
82,140
82,142
82,149
82,150
82,151
82,155
82,159
82,167
82,168
82,171
82,172
82,177
82,184
82,186
82,190
82,191
82,198
82,199
83,85
83,96
83,98
83,112
83,114
83,115
83,122
83,129
83,131
83,133
83,135
83,136
83,140
83,141
83,144
83,147
83,149
83,151
83,153
83,158
83,164
83,169
83,173
83,174
83,175
83,177
83,178
83,179
83,184
83,185
83,187
83,188
83,189
83,193
83,196
84,86
84,88
84,90
84,91
84,95
84,96
84,99
84,100
84,105
84,106
84,110
84,111
84,112
84,118
84,122
84,123
84,131
84,133
84,134
84,137
84,139
84,140
84,146
84,153
84,164
84,166
84,168
84,171
84,174
84,178
84,186
84,187
84,189
84,199
85,86
85,88
85,93
85,94
85,96
85,107
85,108
85,119
85,125
85,127
85,129
85,130
85,137
85,140
85,141
85,144
85,146
85,149
85,150
85,152
85,153
85,155
85,163
85,165
85,166
85,179
85,180
85,183
85,189
85,193
85,194
85,196
85,197
85,199
86,87
86,88
86,90
86,91
86,98
86,99
86,101
86,102
86,107
86,108
86,109
86,111
86,115
86,117
86,128
86,129
86,132
86,134
86,138
86,139
86,140
86,141
86,147
86,148
86,151
86,156
86,160
86,170
86,174
86,175
86,178
86,180
86,181
86,186
86,187
86,191
86,193
86,195
86,198
86,199
87,95
87,97
87,106
87,107
87,109
87,111
87,116
87,118
87,121
87,126
87,127
87,129
87,130
87,132
87,139
87,148
87,149
87,152
87,162
87,165
87,168
87,169
87,172
87,173
87,174
87,175
87,178
87,180
87,181
87,185
87,194
87,197
88,89
88,92
88,93
88,94
88,95
88,97
88,99
88,119
88,123
88,127
88,128
88,137
88,144
88,147
88,148
88,149
88,151
88,154
88,158
88,160
88,162
88,170
88,176
88,177
88,178
88,180
88,183
88,184
88,187
88,189
88,192
88,196
89,90
89,94
89,95
89,98
89,101
89,103
89,104
89,105
89,107
89,110
89,111
89,112
89,114
89,115
89,120
89,122
89,125
89,126
89,127
89,128
89,130
89,131
89,134
89,138
89,141
89,144
89,145
89,146
89,147
89,148
89,151
89,153
89,161
89,164
89,166
89,171
89,174
89,175
89,176
89,178
89,179
89,181
89,188
89,190
89,191
89,192
89,194
89,196
89,198
90,92
90,96
90,99
90,100
90,103
90,110
90,111
90,112
90,114
90,116
90,123
90,124
90,125
90,127
90,128
90,130
90,133
90,135
90,151
90,153
90,156
90,161
90,163
90,166
90,169
90,172
90,176
90,177
90,178
90,182
90,184
90,189
90,190
90,191
90,198
90,199
91,92
91,95
91,96
91,99
91,100
91,102
91,103
91,104
91,105
91,106
91,123
91,127
91,129
91,130
91,135
91,136
91,147
91,149
91,167
91,171
91,172
91,173
91,174
91,175
91,182
91,186
91,187
91,190
91,195
92,94
92,96
92,99
92,101
92,110
92,115
92,119
92,126
92,127
92,128
92,131
92,133
92,135
92,136
92,137
92,139
92,141
92,143
92,148
92,152
92,153
92,155
92,162
92,169
92,170
92,171
92,172
92,173
92,174
92,175
92,178
92,179
92,184
92,189
92,190
92,193
93,94
93,96
93,98
93,102
93,107
93,111
93,112
93,118
93,120
93,123
93,129
93,138
93,139
93,141
93,144
93,153
93,166
93,167
93,170
93,171
93,177
93,179
93,183
93,186
93,189
93,190
93,197
94,95
94,96
94,101
94,105
94,109
94,110
94,112
94,114
94,115
94,118
94,120
94,121
94,134
94,137
94,143
94,144
94,148
94,153
94,161
94,165
94,166
94,172
94,173
94,178
94,181
94,182
94,185
94,188
94,194
94,199
95,102
95,105
95,107
95,108
95,109
95,111
95,114
95,116
95,117
95,122
95,123
95,127
95,139
95,140
95,145
95,148
95,149
95,154
95,155
95,158
95,161
95,169
95,172
95,174
95,175
95,178
95,181
95,182
95,183
95,188
95,190
95,194
95,195
95,198
96,97
96,98
96,100
96,101
96,103
96,105
96,110
96,116
96,119
96,120
96,123
96,126
96,128
96,130
96,131
96,134
96,140
96,145
96,150
96,152
96,154
96,158
96,159
96,167
96,170
96,172
96,181
96,184
96,187
96,189
96,190
96,191
96,197
97,98
97,99
97,100
97,102
97,104
97,105
97,107
97,109
97,115
97,116
97,121
97,124
97,125
97,130
97,132
97,151
97,154
97,157
97,161
97,165
97,166
97,173
97,175
97,176
97,178
97,179
97,180
97,182
97,185
97,186
97,189
97,191
98,102
98,107
98,111
98,117
98,118
98,119
98,121
98,123
98,124
98,125
98,129
98,133
98,137
98,139
98,140
98,144
98,146
98,148
98,150
98,156
98,158
98,161
98,162
98,165
98,176
98,180
98,181
98,182
98,196
98,198
98,199
99,102
99,103
99,104
99,112
99,118
99,120
99,121
99,127
99,128
99,129
99,133
99,140
99,141
99,149
99,150
99,151
99,153
99,164
99,168
99,173
99,175
99,179
99,183
99,188
99,189
99,194
100,102
100,103
100,104
100,111
100,113
100,117
100,118
100,120
100,121
100,126
100,128
100,129
100,136
100,140
100,148
100,152
100,163
100,174
100,180
100,182
100,185
100,187
100,189
100,194
100,195
100,199
101,108
101,109
101,115
101,122
101,128
101,129
101,130
101,131
101,137
101,138
101,142
101,145
101,149
101,152
101,156
101,157
101,170
101,173
101,178
101,180
101,181
101,182
101,190
101,192
101,194
102,103
102,104
102,107
102,110
102,111
102,112
102,115
102,120
102,123
102,124
102,125
102,126
102,127
102,128
102,137
102,138
102,141
102,146
102,147
102,149
102,152
102,156
102,158
102,159
102,162
102,163
102,166
102,168
102,174
102,175
102,178
102,181
102,182
102,185
102,187
102,188
102,189
102,195
103,104
103,112
103,119
103,120
103,124
103,125
103,127
103,132
103,133
103,136
103,139
103,147
103,155
103,162
103,163
103,166
103,168
103,173
103,181
103,191
103,197
104,117
104,118
104,132
104,139
104,140
104,141
104,142
104,143
104,149
104,156
104,158
104,161
104,164
104,166
104,167
104,175
104,177
104,180
104,182
104,183
104,189
104,190
104,191
104,192
104,193
104,194
104,196
105,106
105,116
105,118
105,119
105,122
105,126
105,128
105,130
105,131
105,135
105,147
105,151
105,153
105,154
105,158
105,160
105,161
105,163
105,167
105,170
105,172
105,173
105,174
105,183
105,185
105,187
105,193
105,196
105,197
106,108
106,110
106,112
106,115
106,116
106,118
106,121
106,122
106,128
106,130
106,131
106,133
106,136
106,143
106,148
106,150
106,153
106,154
106,155
106,160
106,164
106,165
106,174
106,176
106,182
106,188
106,192
106,195
106,199
107,109
107,111
107,120
107,123
107,127
107,128
107,134
107,136
107,141
107,152
107,161
107,164
107,177
107,179
107,181
107,188
107,189
107,195
107,196
108,113
108,118
108,119
108,122
108,123
108,125
108,128
108,133
108,134
108,135
108,137
108,138
108,140
108,142
108,147
108,149
108,150
108,154
108,163
108,165
108,166
108,169
108,176
108,177
108,182
108,184
108,185
108,191
108,193
108,194
109,116
109,117
109,118
109,128
109,133
109,137
109,138
109,140
109,141
109,146
109,148
109,151
109,152
109,155
109,158
109,160
109,163
109,164
109,166
109,168
109,173
109,174
109,177
109,181
110,112
110,118
110,119
110,121
110,129
110,134
110,138
110,141
110,148
110,149
110,154
110,162
110,166
110,175
110,179
110,183
110,184
110,185
110,186
110,195
110,196
111,115
111,116
111,117
111,120
111,128
111,135
111,137
111,143
111,144
111,149
111,150
111,151
111,156
111,157
111,171
111,177
111,178
111,179
111,181
111,183
111,184
111,191
111,192
111,193
111,195
111,199
112,119
112,120
112,121
112,122
112,124
112,125
112,128
112,137
112,138
112,139
112,154
112,155
112,158
112,159
112,160
112,170
112,171
112,174
112,175
112,179
112,182
112,186
112,187
112,190
112,194
112,198
113,124
113,127
113,128
113,129
113,136
113,137
113,142
113,143
113,145
113,146
113,153
113,155
113,163
113,167
113,168
113,169
113,171
113,175
113,176
113,178
113,181
113,182
113,186
113,187
113,188
113,190
113,192
113,193
113,196
114,119
114,123
114,128
114,129
114,133
114,134
114,135
114,140
114,146
114,148
114,149
114,150
114,155
114,162
114,163
114,171
114,174
114,176
114,177
114,179
114,188
114,190
114,191
114,192
114,193
115,119
115,121
115,126
115,130
115,133
115,137
115,139
115,145
115,149
115,150
115,153
115,154
115,155
115,157
115,164
115,165
115,167
115,169
115,174
115,175
115,178
115,181
115,185
115,190
115,195
115,196
116,118
116,127
116,133
116,136
116,138
116,150
116,152
116,156
116,157
116,162
116,164
116,165
116,169
116,171
116,179
116,186
116,189
116,191
116,193
116,195
116,197
116,199
117,120
117,121
117,122
117,125
117,128
117,131
117,136
117,141
117,143
117,145
117,150
117,152
117,154
117,155
117,156
117,157
117,159
117,164
117,166
117,168
117,174
117,179
117,185
117,188
117,190
117,194
117,197
117,199
118,121
118,124
118,132
118,137
118,141
118,143
118,146
118,148
118,156
118,157
118,158
118,159
118,162
118,165
118,171
118,177
118,182
118,186
118,191
118,192
118,193
118,194
118,195
119,120
119,121
119,125
119,126
119,128
119,131
119,132
119,134
119,135
119,137
119,138
119,140
119,143
119,148
119,150
119,152
119,155
119,158
119,160
119,162
119,164
119,171
119,172
119,173
119,177
119,184
119,188
119,191
119,193
119,194
119,197
120,127
120,129
120,130
120,131
120,132
120,143
120,145
120,146
120,147
120,155
120,163
120,165
120,167
120,168
120,170
120,176
120,177
120,179
120,184
120,197
120,199
121,122
121,123
121,127
121,128
121,132
121,137
121,140
121,153
121,157
121,160
121,161
121,163
121,164
121,165
121,167
121,171
121,173
121,174
121,178
121,180
121,189
121,192
121,193
122,129
122,131
122,132
122,133
122,137
122,144
122,155
122,156
122,158
122,159
122,166
122,173
122,175
122,178
122,189
122,191
122,198
123,127
123,135
123,137
123,139
123,143
123,147
123,155
123,159
123,163
123,164
123,167
123,168
123,175
123,176
123,180
123,183
123,185
123,186
123,187
123,191
123,196
123,197
124,125
124,126
124,137
124,139
124,143
124,149
124,155
124,156
124,159
124,165
124,169
124,170
124,171
124,172
124,177
124,178
124,181
124,183
124,186
124,188
124,190
125,126
125,129
125,133
125,139
125,140
125,142
125,150
125,152
125,157
125,159
125,160
125,161
125,163
125,165
125,167
125,170
125,172
125,177
125,182
125,183
125,184
125,185
125,194
126,129
126,132
126,133
126,144
126,150
126,151
126,152
126,153
126,164
126,166
126,169
126,170
126,171
126,173
126,177
126,178
126,189
126,190
126,191
126,193
126,199
127,128
127,129
127,130
127,133
127,152
127,153
127,156
127,157
127,158
127,160
127,163
127,169
127,170
127,176
127,179
127,181
127,184
127,197
128,135
128,136
128,141
128,147
128,151
128,152
128,155
128,160
128,170
128,175
128,179
128,182
128,184
128,187
128,189
128,191
129,132
129,136
129,137
129,138
129,139
129,140
129,142
129,154
129,156
129,158
129,161
129,164
129,166
129,171
129,172
129,173
129,174
129,175
129,176
129,182
129,185
129,190
129,195
130,131
130,132
130,134
130,135
130,137
130,142
130,145
130,148
130,150
130,160
130,162
130,166
130,170
130,172
130,178
130,179
130,186
130,190
131,132
131,136
131,143
131,148
131,149
131,150
131,151
131,152
131,160
131,163
131,164
131,166
131,168
131,170
131,174
131,175
131,178
131,179
131,187
131,194
131,195
131,196
131,197
132,133
132,135
132,136
132,142
132,143
132,149
132,153
132,156
132,161
132,164
132,173
132,174
132,177
132,178
132,180
132,183
132,186
132,187
132,192
132,194
132,195
133,134
133,142
133,144
133,145
133,150
133,167
133,168
133,169
133,173
133,177
133,179
133,185
133,186
133,191
133,192
133,199
134,135
134,137
134,144
134,146
134,147
134,149
134,152
134,162
134,163
134,169
134,171
134,174
134,177
134,181
134,187
134,189
134,190
134,193
134,194
135,137
135,138
135,144
135,146
135,148
135,150
135,156
135,163
135,164
135,166
135,167
135,170
135,172
135,174
135,181
135,185
135,186
135,191
135,198
136,137
136,140
136,147
136,150
136,151
136,153
136,154
136,155
136,157
136,158
136,168
136,186
136,193
136,197
137,138
137,139
137,145
137,146
137,147
137,148
137,162
137,163
137,165
137,171
137,174
137,178
137,179
137,183
137,184
137,185
137,190
137,191
137,193
137,195
138,139
138,140
138,150
138,154
138,158
138,159
138,162
138,163
138,169
138,173
138,175
138,181
138,183
138,186
138,193
138,197
138,199
139,145
139,146
139,152
139,155
139,157
139,158
139,160
139,167
139,171
139,173
139,175
139,194
139,196
139,197
139,199
140,143
140,144
140,145
140,147
140,150
140,151
140,153
140,156
140,163
140,169
140,172
140,173
140,177
140,179
140,182
140,185
140,187
140,188
140,191
140,198
140,199
141,150
141,155
141,163
141,167
141,168
141,170
141,178
141,179
141,187
141,193
141,195
141,196
141,197
141,199
142,144
142,151
142,154
142,156
142,157
142,159
142,161
142,162
142,164
142,167
142,169
142,174
142,177
142,181
142,182
142,184
142,187
142,189
142,195
142,196
143,145
143,148
143,149
143,152
143,153
143,155
143,157
143,161
143,162
143,163
143,165
143,167
143,168
143,169
143,171
143,172
143,176
143,178
143,181
143,187
143,188
143,189
143,190
143,193
143,195
143,197
144,145
144,146
144,153
144,155
144,157
144,161
144,165
144,167
144,169
144,172
144,173
144,174
144,177
144,195
144,198
145,153
145,156
145,160
145,165
145,167
145,173
145,187
145,189
145,195
146,150
146,153
146,166
146,167
146,170
146,173
146,178
146,179
146,187
146,190
146,191
146,192
146,198
147,151
147,153
147,156
147,158
147,159
147,160
147,162
147,166
147,171
147,174
147,177
147,178
147,182
147,185
147,187
147,189
147,190
147,193
148,150
148,151
148,154
148,162
148,163
148,168
148,170
148,172
148,174
148,175
148,176
148,178
148,179
148,181
148,186
148,187
148,188
148,198
149,151
149,155
149,158
149,159
149,163
149,166
149,172
149,173
149,175
149,177
149,178
149,181
149,184
149,189
149,191
149,193
149,196
150,157
150,159
150,160
150,163
150,164
150,165
150,167
150,168
150,170
150,173
150,176
150,183
150,186
150,195
151,152
151,154
151,155
151,157
151,158
151,159
151,162
151,163
151,169
151,172
151,174
151,176
151,177
151,181
151,183
151,185
151,186
151,188
151,190
151,191
151,194
152,154
152,158
152,159
152,164
152,169
152,173
152,175
152,179
152,181
152,192
152,193
152,194
152,195
153,154
153,158
153,162
153,166
153,176
153,178
153,183
153,187
153,190
153,195
153,196
153,197
153,199
154,156
154,161
154,167
154,171
154,176
154,177
154,180
154,187
154,190
154,191
154,192
154,194
155,156
155,158
155,159
155,164
155,166
155,168
155,172
155,180
155,182
155,194
156,157
156,161
156,162
156,165
156,168
156,169
156,173
156,174
156,177
156,189
156,193
156,194
156,197
156,198
156,199
157,158
157,165
157,167
157,172
157,174
157,176
157,180
157,184
157,187
157,192
157,196
157,197
158,159
158,161
158,164
158,165
158,172
158,173
158,174
158,175
158,176
158,177
158,180
158,181
158,182
158,183
158,185
158,193
159,160
159,166
159,173
159,174
159,175
159,178
159,179
159,185
159,186
159,194
160,162
160,164
160,168
160,171
160,172
160,179
160,182
160,184
160,186
160,189
160,194
161,163
161,164
161,165
161,168
161,173
161,174
161,176
161,178
161,182
161,183
161,184
161,188
161,191
161,195
162,165
162,170
162,173
162,178
162,179
162,181
162,182
162,183
162,185
162,186
162,189
162,192
162,195
162,197
163,164
163,166
163,170
163,173
163,174
163,187
163,191
163,192
163,197
163,199
164,165
164,170
164,175
164,180
164,184
164,188
164,192
164,196
165,167
165,171
165,172
165,173
165,175
165,176
165,178
165,180
165,185
165,186
165,191
165,197
165,198
166,169
166,170
166,171
166,175
166,176
166,181
166,182
166,183
166,184
166,185
166,188
166,196
166,198
167,170
167,175
167,176
167,178
167,180
167,181
167,190
167,191
167,194
167,197
168,173
168,175
168,178
168,179
168,186
168,189
168,191
168,194
169,172
169,178
169,183
169,189
169,191
169,193
169,195
170,173
170,177
170,178
170,179
170,184
170,188
170,192
170,197
171,176
171,179
171,181
171,184
171,189
171,190
171,191
171,197
171,198
171,199
172,173
172,176
172,178
172,182
172,185
172,188
172,193
172,194
172,196
172,198
173,179
173,181
173,189
173,192
173,197
174,177
174,179
174,180
174,181
174,183
174,184
174,185
174,196
174,198
174,199
175,178
175,179
175,185
175,188
175,192
175,193
175,199
176,180
176,182
176,185
176,186
176,192
176,194
177,187
177,190
177,192
177,196
177,198
178,181
178,182
178,185
178,188
178,190
178,191
178,195
178,197
179,180
179,186
179,187
179,188
179,192
179,196
180,182
180,184
180,188
180,190
180,199
181,188
181,191
181,193
181,195
181,198
182,183
182,187
182,188
182,189
182,195
183,186
183,188
183,189
183,196
184,188
184,197
184,199
185,186
185,188
185,190
185,192
185,196
185,197
186,197
187,190
187,196
187,197
187,198
188,191
188,192
188,195
188,196
188,198
189,192
189,194
189,195
189,199
190,198
190,199
191,194
191,197
191,199
192,194
192,199
193,199
194,195
194,197
195,199
197,199
198,199
